0 2049248598 3509657967554846508 6749968705527105677
0 0 0 2146658997
0 0 0 2
0 3224021561 12836383244648602703 2876349941426777282
0 3670114197 10173320549483176454 11044400517412495047
0 0 0 1669870000
0 0 0 3
0 0 0 1000
0 0 643 5322966563987414673
0 0 0 15191824718342
0 0 0 1000000000000000000
0 0 0 2
0 0 0 1283500000
0 0 0 4
0 0 0 1286000000
0 0 0 2000000
0 0 0 0
0 0 0 101
0 0 0 12000000000
0 0 0 187788
0 0 0 416002021
0 0 0 160
0 1324191610 2157675569822341553 9874662926425867442
0 0 0 1669877869
0 0 0 0
0 0 0 0
0 0 0 0
0 0 0 0
0 0 0 0
0 0 0 0

4 2 29
53 3 30
4 1 54
31 0 55
31 2 32
57 3 56
31 0 4
33 2 58
35 2 29
61 3 30
35 1 62
63 2 59
34 2 33
36 2 64
60 2 29
67 3 30
60 2 66
68 2 68
69 2 29
71 3 30
70 1 72
73 0 69
74 4 0
75 0 68
34 2 60
76 1 77
65 2 29
79 3 30
65 1 80
78 3 81
82 2 29
83 3 30
58 0 82
85 1 84
58 2 59
87 3 86
59 1 88
37 1 35
90 2 89
91 3 33
92 1 38
0 0 0
0 0 0
0 0 0
0 0 0
0 0 0
0 0 0
0 0 0
0 0 0
0 0 0

3 9 23
5 9 24
10 9 25
11 9 26
12 9 27
9 8 28
82 7 39
93 7 39
0 9 0
0 9 0

40
41
42
23
39
43
82
89
44
45
46
25
27
26
39
